<?xml version="1.0" encoding="utf-8"?>
<COLLADA xmlns:xsi="http://www.w3.org/2001/XMLSchema-instance" xmlns:xsd="http://www.w3.org/2001/XMLSchema" version="1.4.1" xmlns="http://www.collada.org/2005/11/COLLADASchema">
  <asset>
    <contributor>
      <author />
      <authoring_tool>Unity3D 5.5.2f1 - COLLADA exporter v1.6.1</authoring_tool>
      <comments />
      <copyright />
      <source_data>m.unity</source_data>
    </contributor>
    <created>2017-08-08T14:28:00.7326776+07:00</created>
    <modified>2017-08-08T14:28:00.7326776+07:00</modified>
    <unit meter="1" name="meter" />
    <up_axis>Y_UP</up_axis>
  </asset>
  <library_animations>
    <animation id="_cf9968e392c246c489d0fb5c56c8f1e9_Take_x0020_001_0">
      <source id="_cf9968e392c246c489d0fb5c56c8f1e9_Take_x0020_001_0-input">
        <float_array id="_cf9968e392c246c489d0fb5c56c8f1e9_Take_x0020_001_0-input-array" count="37">0.000000 0.041600 0.083300 0.125000 0.166600 0.208300 0.250000 0.291600 0.333300 0.375000 0.416600 0.458300 0.500000 0.541600 0.583300 0.625000 0.666600 0.708300 0.750000 0.791600 0.833300 0.875000 0.916600 0.958300 1.000000 1.041600 1.083300 1.125000 1.166600 1.208300 1.250000 1.291600 1.333300 1.375000 1.416600 1.458300 1.500000</float_array>
        <technique_common>
          <accessor count="37" source="#_cf9968e392c246c489d0fb5c56c8f1e9_Take_x0020_001_0-input-array">
            <param name="TIME" type="float" />
          </accessor>
        </technique_common>
      </source>
      <source id="_cf9968e392c246c489d0fb5c56c8f1e9_Take_x0020_001_0-output">
        <float_array id="_cf9968e392c246c489d0fb5c56c8f1e9_Take_x0020_001_0-output-array" count="592">

1.000000 0.000000 0.000000 0.000000 
0.000000 0.000000 1.000000 0.240130 
0.000000 -1.000000 0.000000 0.000000 
0.000000 0.000000 0.000000 1.000000 

1.000000 0.000000 0.000000 0.000000 
0.000000 0.000000 1.000000 0.240130 
0.000000 -1.000000 0.000000 0.000000 
0.000000 0.000000 0.000000 1.000000 

1.000000 0.000000 0.000000 0.000000 
0.000000 0.000000 1.000000 0.240130 
0.000000 -1.000000 0.000000 0.000000 
0.000000 0.000000 0.000000 1.000000 

1.000000 0.000000 0.000000 0.000000 
0.000000 0.000000 1.000000 0.240130 
0.000000 -1.000000 0.000000 0.000000 
0.000000 0.000000 0.000000 1.000000 

1.000000 0.000000 0.000000 0.000000 
0.000000 0.000000 1.000000 0.240130 
0.000000 -1.000000 0.000000 0.000000 
0.000000 0.000000 0.000000 1.000000 

1.000000 0.000000 0.000000 0.000000 
0.000000 0.000000 1.000000 0.240130 
0.000000 -1.000000 0.000000 0.000000 
0.000000 0.000000 0.000000 1.000000 

1.000000 0.000000 0.000000 0.000000 
0.000000 0.000000 1.000000 0.240130 
0.000000 -1.000000 0.000000 0.000000 
0.000000 0.000000 0.000000 1.000000 

1.000000 0.000000 0.000000 0.000000 
0.000000 0.000000 1.000000 0.240130 
0.000000 -1.000000 0.000000 0.000000 
0.000000 0.000000 0.000000 1.000000 

1.000000 0.000000 0.000000 0.000000 
0.000000 0.000000 1.000000 0.240130 
0.000000 -1.000000 0.000000 0.000000 
0.000000 0.000000 0.000000 1.000000 

1.000000 0.000000 0.000000 0.000000 
0.000000 0.000000 1.000000 0.240130 
0.000000 -1.000000 0.000000 0.000000 
0.000000 0.000000 0.000000 1.000000 

1.000000 0.000000 0.000000 0.000000 
0.000000 0.000000 1.000000 0.240130 
0.000000 -1.000000 0.000000 0.000000 
0.000000 0.000000 0.000000 1.000000 

1.000000 0.000000 0.000000 0.000000 
0.000000 0.000000 1.000000 0.240130 
0.000000 -1.000000 0.000000 0.000000 
0.000000 0.000000 0.000000 1.000000 

1.000000 0.000000 0.000000 0.000000 
0.000000 0.000000 1.000000 0.240130 
0.000000 -1.000000 0.000000 0.000000 
0.000000 0.000000 0.000000 1.000000 

1.000000 0.000000 0.000000 0.000000 
0.000000 0.000000 1.000000 0.240130 
0.000000 -1.000000 0.000000 0.000000 
0.000000 0.000000 0.000000 1.000000 

1.000000 0.000000 0.000000 0.000000 
0.000000 0.000000 1.000000 0.240130 
0.000000 -1.000000 0.000000 0.000000 
0.000000 0.000000 0.000000 1.000000 

1.000000 0.000000 0.000000 0.000000 
0.000000 0.000000 1.000000 0.240130 
0.000000 -1.000000 0.000000 0.000000 
0.000000 0.000000 0.000000 1.000000 

1.000000 0.000000 0.000000 0.000000 
0.000000 0.000000 1.000000 0.240130 
0.000000 -1.000000 0.000000 0.000000 
0.000000 0.000000 0.000000 1.000000 

1.000000 0.000000 0.000000 0.000000 
0.000000 0.000000 1.000000 0.240130 
0.000000 -1.000000 0.000000 0.000000 
0.000000 0.000000 0.000000 1.000000 

1.000000 0.000000 0.000000 0.000000 
0.000000 0.000000 1.000000 0.240130 
0.000000 -1.000000 0.000000 0.000000 
0.000000 0.000000 0.000000 1.000000 

1.000000 0.000000 0.000000 0.000000 
0.000000 0.000000 1.000000 0.240130 
0.000000 -1.000000 0.000000 0.000000 
0.000000 0.000000 0.000000 1.000000 

1.000000 0.000000 0.000000 0.000000 
0.000000 0.000000 1.000000 0.240130 
0.000000 -1.000000 0.000000 0.000000 
0.000000 0.000000 0.000000 1.000000 

1.000000 0.000000 0.000000 0.000000 
0.000000 0.000000 1.000000 0.240130 
0.000000 -1.000000 0.000000 0.000000 
0.000000 0.000000 0.000000 1.000000 

1.000000 0.000000 0.000000 0.000000 
0.000000 0.000000 1.000000 0.240130 
0.000000 -1.000000 0.000000 0.000000 
0.000000 0.000000 0.000000 1.000000 

1.000000 0.000000 0.000000 0.000000 
0.000000 0.000000 1.000000 0.240130 
0.000000 -1.000000 0.000000 0.000000 
0.000000 0.000000 0.000000 1.000000 

1.000000 0.000000 0.000000 0.000000 
0.000000 0.000000 1.000000 0.240130 
0.000000 -1.000000 0.000000 0.000000 
0.000000 0.000000 0.000000 1.000000 

1.000000 0.000000 0.000000 0.000000 
0.000000 0.000000 1.000000 0.240130 
0.000000 -1.000000 0.000000 0.000000 
0.000000 0.000000 0.000000 1.000000 

1.000000 0.000000 0.000000 0.000000 
0.000000 0.000000 1.000000 0.240130 
0.000000 -1.000000 0.000000 0.000000 
0.000000 0.000000 0.000000 1.000000 

1.000000 0.000000 0.000000 0.000000 
0.000000 0.000000 1.000000 0.240130 
0.000000 -1.000000 0.000000 0.000000 
0.000000 0.000000 0.000000 1.000000 

1.000000 0.000000 0.000000 0.000000 
0.000000 0.000000 1.000000 0.240130 
0.000000 -1.000000 0.000000 0.000000 
0.000000 0.000000 0.000000 1.000000 

1.000000 0.000000 0.000000 0.000000 
0.000000 0.000000 1.000000 0.240130 
0.000000 -1.000000 0.000000 0.000000 
0.000000 0.000000 0.000000 1.000000 

1.000000 0.000000 0.000000 0.000000 
0.000000 0.000000 1.000000 0.240130 
0.000000 -1.000000 0.000000 0.000000 
0.000000 0.000000 0.000000 1.000000 

1.000000 0.000000 0.000000 0.000000 
0.000000 0.000000 1.000000 0.240130 
0.000000 -1.000000 0.000000 0.000000 
0.000000 0.000000 0.000000 1.000000 

1.000000 0.000000 0.000000 0.000000 
0.000000 0.000000 1.000000 0.240130 
0.000000 -1.000000 0.000000 0.000000 
0.000000 0.000000 0.000000 1.000000 

1.000000 0.000000 0.000000 0.000000 
0.000000 0.000000 1.000000 0.240130 
0.000000 -1.000000 0.000000 0.000000 
0.000000 0.000000 0.000000 1.000000 

1.000000 0.000000 0.000000 0.000000 
0.000000 0.000000 1.000000 0.240130 
0.000000 -1.000000 0.000000 0.000000 
0.000000 0.000000 0.000000 1.000000 

1.000000 0.000000 0.000000 0.000000 
0.000000 0.000000 1.000000 0.240130 
0.000000 -1.000000 0.000000 0.000000 
0.000000 0.000000 0.000000 1.000000 

1.000000 0.000000 0.000000 0.000000 
0.000000 0.000000 1.000000 0.240130 
0.000000 -1.000000 0.000000 0.000000 
0.000000 0.000000 0.000000 1.000000</float_array>
        <technique_common>
          <accessor count="37" source="#_cf9968e392c246c489d0fb5c56c8f1e9_Take_x0020_001_0-output-array" stride="16">
            <param name="TRANSFORM" type="float4x4" />
          </accessor>
        </technique_common>
      </source>
      <source id="_cf9968e392c246c489d0fb5c56c8f1e9_Take_x0020_001_0-interpolation">
        <Name_array id="_cf9968e392c246c489d0fb5c56c8f1e9_Take_x0020_001_0-interpolation-array" count="37">LINEAR LINEAR LINEAR LINEAR LINEAR LINEAR LINEAR LINEAR LINEAR LINEAR LINEAR LINEAR LINEAR LINEAR LINEAR LINEAR LINEAR LINEAR LINEAR LINEAR LINEAR LINEAR LINEAR LINEAR LINEAR LINEAR LINEAR LINEAR LINEAR LINEAR LINEAR LINEAR LINEAR LINEAR LINEAR LINEAR LINEAR </Name_array>
        <technique_common>
          <accessor count="37" source="#_cf9968e392c246c489d0fb5c56c8f1e9_Take_x0020_001_0-interpolation-array">
            <param name="INTERPOLATION" type="name" />
          </accessor>
        </technique_common>
      </source>
      <sampler id="_cf9968e392c246c489d0fb5c56c8f1e9_Take_x0020_001_0-sampler">
        <input semantic="INPUT" source="#_cf9968e392c246c489d0fb5c56c8f1e9_Take_x0020_001_0-input" />
        <input semantic="OUTPUT" source="#_cf9968e392c246c489d0fb5c56c8f1e9_Take_x0020_001_0-output" />
        <input semantic="INTERPOLATION" source="#_cf9968e392c246c489d0fb5c56c8f1e9_Take_x0020_001_0-interpolation" />
      </sampler>
      <channel source="#_cf9968e392c246c489d0fb5c56c8f1e9_Take_x0020_001_0-sampler" target="_-60778/matrix" />
    </animation>
    <animation id="_cf9968e392c246c489d0fb5c56c8f1e9_Take_x0020_001_1">
      <source id="_cf9968e392c246c489d0fb5c56c8f1e9_Take_x0020_001_1-input">
        <float_array id="_cf9968e392c246c489d0fb5c56c8f1e9_Take_x0020_001_1-input-array" count="37">0.000000 0.041600 0.083300 0.125000 0.166600 0.208300 0.250000 0.291600 0.333300 0.375000 0.416600 0.458300 0.500000 0.541600 0.583300 0.625000 0.666600 0.708300 0.750000 0.791600 0.833300 0.875000 0.916600 0.958300 1.000000 1.041600 1.083300 1.125000 1.166600 1.208300 1.250000 1.291600 1.333300 1.375000 1.416600 1.458300 1.500000</float_array>
        <technique_common>
          <accessor count="37" source="#_cf9968e392c246c489d0fb5c56c8f1e9_Take_x0020_001_1-input-array">
            <param name="TIME" type="float" />
          </accessor>
        </technique_common>
      </source>
      <source id="_cf9968e392c246c489d0fb5c56c8f1e9_Take_x0020_001_1-output">
        <float_array id="_cf9968e392c246c489d0fb5c56c8f1e9_Take_x0020_001_1-output-array" count="592">

0.983006 0.177376 0.047288 0.000000 
-0.177097 0.984142 -0.010048 0.001255 
-0.048320 0.001503 0.998831 0.002246 
0.000000 0.000000 0.000000 1.000000 

0.983290 0.175967 0.046655 0.000000 
-0.175300 0.984350 -0.018058 0.002352 
-0.049102 0.009578 0.998748 0.000943 
0.000000 0.000000 0.000000 1.000000 

0.984176 0.171085 0.046119 0.000000 
-0.170041 0.985102 -0.025710 0.003492 
-0.049830 0.017461 0.998605 0.000473 
0.000000 0.000000 0.000000 1.000000 

0.985595 0.162822 0.045728 0.000000 
-0.161424 0.986340 -0.032785 0.004630 
-0.050442 0.024931 0.998416 0.000673 
0.000000 0.000000 0.000000 1.000000 

0.987439 0.151300 0.045522 0.000000 
-0.149581 0.987977 -0.039068 0.005722 
-0.050886 0.031768 0.998199 0.001464 
0.000000 0.000000 0.000000 1.000000 

0.989587 0.136547 0.045524 0.000000 
-0.134550 0.989912 -0.044387 0.006735 
-0.051126 0.037800 0.997977 0.002866 
0.000000 0.000000 0.000000 1.000000 

0.991880 0.118669 0.045743 0.000000 
-0.116447 0.992011 -0.048524 0.007622 
-0.051135 0.042803 0.997774 0.004692 
0.000000 0.000000 0.000000 1.000000 

0.994134 0.097803 0.046167 0.000000 
-0.095421 0.994116 -0.051268 0.008345 
-0.050910 0.046562 0.997617 0.006569 
0.000000 0.000000 0.000000 1.000000 

0.996166 0.073932 0.046768 0.000000 
-0.071463 0.996064 -0.052427 0.008884 
-0.050460 0.048884 0.997529 0.008158 
0.000000 0.000000 0.000000 1.000000 

0.997756 0.047190 0.047491 0.000000 
-0.044720 0.997657 -0.051784 0.009255 
-0.049823 0.049544 0.997528 0.009282 
0.000000 0.000000 0.000000 1.000000 

0.998677 0.017745 0.048253 0.000000 
-0.015370 0.998674 -0.049142 0.009499 
-0.049061 0.048335 0.997626 0.010096 
0.000000 0.000000 0.000000 1.000000 

0.998697 -0.014440 0.048951 0.000000 
0.016613 0.998881 -0.044283 0.009626 
-0.048257 0.045038 0.997819 0.010702 
0.000000 0.000000 0.000000 1.000000 

0.997565 -0.049177 0.049446 0.000000 
0.051033 0.998011 -0.037009 0.009636 
-0.047528 0.039442 0.998091 0.010969 
0.000000 0.000000 0.000000 1.000000 

0.995303 -0.083127 0.049613 0.000000 
0.084608 0.996006 -0.028536 0.009536 
-0.047042 0.032600 0.998361 0.010715 
0.000000 0.000000 0.000000 1.000000 

0.992378 -0.112866 0.049469 0.000000 
0.113972 0.993280 -0.020134 0.009328 
-0.046864 0.025619 0.998573 0.009758 
0.000000 0.000000 0.000000 1.000000 

0.989258 -0.137699 0.049071 0.000000 
0.138430 0.990302 -0.011796 0.009026 
-0.046971 0.018462 0.998726 0.007999 
0.000000 0.000000 0.000000 1.000000 

0.986408 -0.157000 0.048485 0.000000 
0.157352 0.987536 -0.003508 0.008624 
-0.047330 0.011090 0.998818 0.005741 
0.000000 0.000000 0.000000 1.000000 

0.984236 -0.170283 0.047781 0.000000 
0.170249 0.985389 0.004805 0.008080 
-0.047901 0.003405 0.998846 0.003446 
0.000000 0.000000 0.000000 1.000000 

0.983102 -0.176909 0.047043 0.000000 
0.176479 0.984216 0.013164 0.007311 
-0.048630 -0.004639 0.998806 0.001608 
0.000000 0.000000 0.000000 1.000000 

0.983246 -0.176289 0.046367 0.000000 
0.175451 0.984251 0.021589 0.006320 
-0.049442 -0.013092 0.998691 0.000699 
0.000000 0.000000 0.000000 1.000000 

0.984340 -0.170221 0.045826 0.000000 
0.168979 0.985170 0.029758 0.005182 
-0.050212 -0.021548 0.998506 0.000806 
0.000000 0.000000 0.000000 1.000000 

0.985917 -0.160937 0.045464 0.000000 
0.159324 0.986528 0.037124 0.003974 
-0.050826 -0.029358 0.998276 0.001659 
0.000000 0.000000 0.000000 1.000000 

0.987876 -0.148487 0.045313 0.000000 
0.146549 0.988248 0.043466 0.002772 
-0.051235 -0.036299 0.998027 0.002956 
0.000000 0.000000 0.000000 1.000000 

0.990100 -0.132824 0.045393 0.000000 
0.130614 0.990241 0.048606 0.001654 
-0.051406 -0.042196 0.997786 0.004469 
0.000000 0.000000 0.000000 1.000000 

0.992431 -0.113982 0.045706 0.000000 
0.111567 0.992379 0.052316 0.000687 
-0.051321 -0.046821 0.997584 0.006052 
0.000000 0.000000 0.000000 1.000000 

0.994683 -0.092028 0.046231 0.000000 
0.089484 0.994502 0.054383 -0.000037 
-0.050982 -0.049956 0.997449 0.007508 
0.000000 0.000000 0.000000 1.000000 

0.996658 -0.066864 0.046928 0.000000 
0.064279 0.996437 0.054601 -0.000486 
-0.050412 -0.051402 0.997405 0.008677 
0.000000 0.000000 0.000000 1.000000 

0.998116 -0.038554 0.047724 0.000000 
0.036025 0.997958 0.052752 -0.000717 
-0.049660 -0.050933 0.997467 0.009606 
0.000000 0.000000 0.000000 1.000000 

0.998796 -0.007198 0.048517 0.000000 
0.004836 0.998805 0.048632 -0.000775 
-0.048809 -0.048339 0.997638 0.010356 
0.000000 0.000000 0.000000 1.000000 

0.998417 0.027318 0.049175 0.000000 
-0.029394 0.998685 0.042012 -0.000702 
-0.047963 -0.043391 0.997906 0.010824 
0.000000 0.000000 0.000000 1.000000 

0.996786 0.062951 0.049538 0.000000 
-0.064640 0.997355 0.033252 -0.000539 
-0.047313 -0.036347 0.998219 0.010896 
0.000000 0.000000 0.000000 1.000000 

0.994110 0.096399 0.049527 0.000000 
-0.097655 0.994941 0.023592 -0.000328 
-0.047002 -0.028289 0.998494 0.010412 
0.000000 0.000000 0.000000 1.000000 

0.990821 0.125911 0.049186 0.000000 
-0.126739 0.991836 0.014072 -0.000105 
-0.047013 -0.020177 0.998690 0.009118 
0.000000 0.000000 0.000000 1.000000 

0.987560 0.149521 0.048661 0.000000 
-0.149975 0.988673 0.005800 0.000089 
-0.047242 -0.013026 0.998799 0.007038 
0.000000 0.000000 0.000000 1.000000 

0.985057 0.165354 0.048165 0.000000 
-0.165539 0.986203 -0.000139 0.000214 
-0.047524 -0.007836 0.998839 0.004572 
0.000000 0.000000 0.000000 1.000000 

0.983991 0.171656 0.047924 0.000000 
-0.171725 0.985141 -0.002709 0.000227 
-0.047677 -0.005565 0.998847 0.004235 
0.000000 0.000000 0.000000 1.000000 

0.983990 0.171657 0.047924 0.000000 
-0.171726 0.985141 -0.002709 0.000227 
-0.047677 -0.005564 0.998847 0.004235 
0.000000 0.000000 0.000000 1.000000</float_array>
        <technique_common>
          <accessor count="37" source="#_cf9968e392c246c489d0fb5c56c8f1e9_Take_x0020_001_1-output-array" stride="16">
            <param name="TRANSFORM" type="float4x4" />
          </accessor>
        </technique_common>
      </source>
      <source id="_cf9968e392c246c489d0fb5c56c8f1e9_Take_x0020_001_1-interpolation">
        <Name_array id="_cf9968e392c246c489d0fb5c56c8f1e9_Take_x0020_001_1-interpolation-array" count="37">LINEAR LINEAR LINEAR LINEAR LINEAR LINEAR LINEAR LINEAR LINEAR LINEAR LINEAR LINEAR LINEAR LINEAR LINEAR LINEAR LINEAR LINEAR LINEAR LINEAR LINEAR LINEAR LINEAR LINEAR LINEAR LINEAR LINEAR LINEAR LINEAR LINEAR LINEAR LINEAR LINEAR LINEAR LINEAR LINEAR LINEAR </Name_array>
        <technique_common>
          <accessor count="37" source="#_cf9968e392c246c489d0fb5c56c8f1e9_Take_x0020_001_1-interpolation-array">
            <param name="INTERPOLATION" type="name" />
          </accessor>
        </technique_common>
      </source>
      <sampler id="_cf9968e392c246c489d0fb5c56c8f1e9_Take_x0020_001_1-sampler">
        <input semantic="INPUT" source="#_cf9968e392c246c489d0fb5c56c8f1e9_Take_x0020_001_1-input" />
        <input semantic="OUTPUT" source="#_cf9968e392c246c489d0fb5c56c8f1e9_Take_x0020_001_1-output" />
        <input semantic="INTERPOLATION" source="#_cf9968e392c246c489d0fb5c56c8f1e9_Take_x0020_001_1-interpolation" />
      </sampler>
      <channel source="#_cf9968e392c246c489d0fb5c56c8f1e9_Take_x0020_001_1-sampler" target="_-60820/matrix" />
    </animation>
    <animation id="_cf9968e392c246c489d0fb5c56c8f1e9_Take_x0020_001_2">
      <source id="_cf9968e392c246c489d0fb5c56c8f1e9_Take_x0020_001_2-input">
        <float_array id="_cf9968e392c246c489d0fb5c56c8f1e9_Take_x0020_001_2-input-array" count="2">0.000000 1.500000</float_array>
        <technique_common>
          <accessor count="2" source="#_cf9968e392c246c489d0fb5c56c8f1e9_Take_x0020_001_2-input-array">
            <param name="TIME" type="float" />
          </accessor>
        </technique_common>
      </source>
      <source id="_cf9968e392c246c489d0fb5c56c8f1e9_Take_x0020_001_2-output">
        <float_array id="_cf9968e392c246c489d0fb5c56c8f1e9_Take_x0020_001_2-output-array" count="32">

0.000000 1.000000 -0.000001 0.000000 
0.000000 0.000001 1.000000 0.000000 
1.000000 0.000000 0.000000 0.000000 
0.000000 0.000000 0.000000 1.000000 

0.000000 1.000000 -0.000001 0.000000 
0.000000 0.000001 1.000000 0.000000 
1.000000 0.000000 0.000000 0.000000 
0.000000 0.000000 0.000000 1.000000</float_array>
        <technique_common>
          <accessor count="2" source="#_cf9968e392c246c489d0fb5c56c8f1e9_Take_x0020_001_2-output-array" stride="16">
            <param name="TRANSFORM" type="float4x4" />
          </accessor>
        </technique_common>
      </source>
      <source id="_cf9968e392c246c489d0fb5c56c8f1e9_Take_x0020_001_2-interpolation">
        <Name_array id="_cf9968e392c246c489d0fb5c56c8f1e9_Take_x0020_001_2-interpolation-array" count="37">LINEAR LINEAR LINEAR LINEAR LINEAR LINEAR LINEAR LINEAR LINEAR LINEAR LINEAR LINEAR LINEAR LINEAR LINEAR LINEAR LINEAR LINEAR LINEAR LINEAR LINEAR LINEAR LINEAR LINEAR LINEAR LINEAR LINEAR LINEAR LINEAR LINEAR LINEAR LINEAR LINEAR LINEAR LINEAR LINEAR LINEAR </Name_array>
        <technique_common>
          <accessor count="37" source="#_cf9968e392c246c489d0fb5c56c8f1e9_Take_x0020_001_2-interpolation-array">
            <param name="INTERPOLATION" type="name" />
          </accessor>
        </technique_common>
      </source>
      <sampler id="_cf9968e392c246c489d0fb5c56c8f1e9_Take_x0020_001_2-sampler">
        <input semantic="INPUT" source="#_cf9968e392c246c489d0fb5c56c8f1e9_Take_x0020_001_2-input" />
        <input semantic="OUTPUT" source="#_cf9968e392c246c489d0fb5c56c8f1e9_Take_x0020_001_2-output" />
        <input semantic="INTERPOLATION" source="#_cf9968e392c246c489d0fb5c56c8f1e9_Take_x0020_001_2-interpolation" />
      </sampler>
      <channel source="#_cf9968e392c246c489d0fb5c56c8f1e9_Take_x0020_001_2-sampler" target="_-61030/matrix" />
    </animation>
    <animation id="_cf9968e392c246c489d0fb5c56c8f1e9_Take_x0020_001_3">
      <source id="_cf9968e392c246c489d0fb5c56c8f1e9_Take_x0020_001_3-input">
        <float_array id="_cf9968e392c246c489d0fb5c56c8f1e9_Take_x0020_001_3-input-array" count="37">0.000000 0.041600 0.083300 0.125000 0.166600 0.208300 0.250000 0.291600 0.333300 0.375000 0.416600 0.458300 0.500000 0.541600 0.583300 0.625000 0.666600 0.708300 0.750000 0.791600 0.833300 0.875000 0.916600 0.958300 1.000000 1.041600 1.083300 1.125000 1.166600 1.208300 1.250000 1.291600 1.333300 1.375000 1.416600 1.458300 1.500000</float_array>
        <technique_common>
          <accessor count="37" source="#_cf9968e392c246c489d0fb5c56c8f1e9_Take_x0020_001_3-input-array">
            <param name="TIME" type="float" />
          </accessor>
        </technique_common>
      </source>
      <source id="_cf9968e392c246c489d0fb5c56c8f1e9_Take_x0020_001_3-output">
        <float_array id="_cf9968e392c246c489d0fb5c56c8f1e9_Take_x0020_001_3-output-array" count="592">

0.997996 0.041816 -0.047484 0.011482 
-0.051426 0.973295 -0.223722 0.002960 
0.036861 0.225716 0.973496 -0.000001 
0.000000 0.000000 0.000000 1.000000 

0.997504 0.040565 -0.057789 0.011482 
-0.051742 0.976888 -0.207396 0.002960 
0.048041 0.209869 0.976549 -0.000001 
0.000000 0.000000 0.000000 1.000000 

0.996928 0.039575 -0.067589 0.011482 
-0.051715 0.980695 -0.188582 0.002960 
0.058821 0.191498 0.979729 -0.000001 
0.000000 0.000000 0.000000 1.000000 

0.996321 0.038958 -0.076333 0.011482 
-0.051321 0.984558 -0.167366 0.002960 
0.068634 0.170668 0.982935 -0.000001 
0.000000 0.000000 0.000000 1.000000 

0.995754 0.038797 -0.083479 0.011482 
-0.050567 0.988305 -0.143859 0.002960 
0.076922 0.147469 0.986071 -0.000001 
0.000000 0.000000 0.000000 1.000000 

0.995304 0.039135 -0.088532 0.011482 
-0.049492 0.991780 -0.117999 0.002960 
0.083186 0.121826 0.989059 -0.000001 
0.000000 0.000000 0.000000 1.000000 

0.995054 0.039976 -0.090935 0.011482 
-0.048180 0.994785 -0.089892 0.002960 
0.086867 0.093829 0.991791 0.000000 
0.000000 0.000000 0.000000 1.000000 

0.995072 0.041274 -0.090151 0.011482 
-0.046765 0.997122 -0.059668 0.002960 
0.087429 0.063590 0.994139 0.000000 
0.000000 0.000000 0.000000 1.000000 

0.995401 0.042938 -0.085632 0.011482 
-0.045420 0.998596 -0.027242 0.002960 
0.084342 0.031006 0.995954 0.000000 
0.000000 0.000000 0.000000 1.000000 

0.996003 0.044850 -0.077248 0.011482 
-0.044265 0.998977 0.009270 0.002960 
0.077585 -0.005813 0.996969 0.000000 
0.000000 0.000000 0.000000 1.000000 

0.996741 0.046695 -0.065778 0.011482 
-0.043445 0.997804 0.050003 0.002960 
0.067968 -0.046982 0.996581 0.000000 
0.000000 0.000000 0.000000 1.000000 

0.997490 0.048113 -0.051951 0.011482 
-0.043167 0.994781 0.092456 0.002960 
0.056128 -0.089981 0.994361 0.000000 
0.000000 0.000000 0.000000 1.000000 

0.998134 0.048850 -0.036624 0.011482 
-0.043545 0.990052 0.133798 0.002960 
0.042795 -0.131954 0.990332 0.000001 
0.000000 0.000000 0.000000 1.000000 

0.998594 0.048806 -0.020689 0.011482 
-0.044556 0.984221 0.171244 0.002960 
0.028720 -0.170082 0.985011 0.000001 
0.000000 0.000000 0.000000 1.000000 

0.998833 0.048040 -0.004926 0.011482 
-0.046051 0.978227 0.202365 0.002960 
0.014541 -0.201902 0.979298 0.000001 
0.000000 0.000000 0.000000 1.000000 

0.998859 0.046749 0.009792 0.011482 
-0.047754 0.973290 0.224556 0.002960 
0.000968 -0.224767 0.974412 0.000001 
0.000000 0.000000 0.000000 1.000000 

0.998720 0.045229 0.022632 0.011482 
-0.049292 0.970657 0.235363 0.002960 
-0.011322 -0.236177 0.971644 0.000001 
0.000000 0.000000 0.000000 1.000000 

0.998445 0.043559 0.034789 0.011482 
-0.050517 0.970867 0.234234 0.002960 
-0.023573 -0.235627 0.971558 0.000001 
0.000000 0.000000 0.000000 1.000000 

0.998000 0.041835 0.047400 0.011482 
-0.051410 0.973384 0.223341 0.002960 
-0.036795 -0.225331 0.973587 0.000001 
0.000000 0.000000 0.000000 1.000000 

0.997401 0.040369 0.059685 0.011482 
-0.051799 0.977501 0.204474 0.002960 
-0.050088 -0.207034 0.977051 0.000001 
0.000000 0.000000 0.000000 1.000000 

0.996703 0.039390 0.070938 0.011482 
-0.051586 0.982447 0.179268 0.002960 
-0.062632 -0.182336 0.981239 0.000001 
0.000000 0.000000 0.000000 1.000000 

0.996002 0.039043 0.080345 0.011482 
-0.050769 0.987455 0.149514 0.002960 
-0.073500 -0.152995 0.985490 0.000001 
0.000000 0.000000 0.000000 1.000000 

0.995422 0.039362 0.087098 0.011482 
-0.049467 0.991889 0.117086 0.002960 
-0.081783 -0.120859 0.989295 0.000001 
0.000000 0.000000 0.000000 1.000000 

0.995087 0.040284 0.090434 0.011482 
-0.047897 0.995343 0.083651 0.002960 
-0.086643 -0.087572 0.992383 0.000000 
0.000000 0.000000 0.000000 1.000000 

0.995111 0.041667 0.089538 0.011482 
-0.046373 0.997615 0.051127 0.002960 
-0.087194 -0.055029 0.994670 0.000000 
0.000000 0.000000 0.000000 1.000000 

0.995526 0.043465 0.083897 0.011482 
-0.045004 0.998850 0.016540 0.002960 
-0.083081 -0.020242 0.996337 0.000000 
0.000000 0.000000 0.000000 1.000000 

0.996213 0.045448 0.074121 0.011482 
-0.043853 0.998773 -0.023006 0.002960 
-0.075075 0.019668 0.996984 0.000000 
0.000000 0.000000 0.000000 1.000000 

0.997009 0.047179 0.061208 0.011482 
-0.043184 0.996948 -0.065033 0.002960 
-0.064089 0.062195 0.996004 0.000000 
0.000000 0.000000 0.000000 1.000000 

0.997761 0.048338 0.046227 0.011482 
-0.043166 0.993322 -0.106995 0.002960 
-0.051090 0.104760 0.993184 0.000000 
0.000000 0.000000 0.000000 1.000000 

0.998355 0.048759 0.030166 0.011482 
-0.043833 0.988215 -0.146665 0.002960 
-0.036962 0.145101 0.988726 -0.000001 
0.000000 0.000000 0.000000 1.000000 

0.998726 0.048438 0.014130 0.011482 
-0.045075 0.982344 -0.181573 0.002960 
-0.022676 0.180705 0.983276 -0.000001 
0.000000 0.000000 0.000000 1.000000 

0.998869 0.047530 -0.000793 0.011482 
-0.046642 0.976717 -0.209398 0.002960 
-0.009178 0.209198 0.977830 -0.000001 
0.000000 0.000000 0.000000 1.000000 

0.998836 0.046299 -0.013548 0.011482 
-0.048167 0.972696 -0.227030 0.002960 
0.002667 0.227418 0.973794 -0.000001 
0.000000 0.000000 0.000000 1.000000 

0.998704 0.045081 -0.023608 0.011482 
-0.049372 0.970765 -0.234898 0.002960 
0.012329 0.235760 0.971733 -0.000001 
0.000000 0.000000 0.000000 1.000000 

0.998549 0.044106 -0.030888 0.011482 
-0.050173 0.970361 -0.236396 0.002960 
0.019546 0.237603 0.971166 -0.000001 
0.000000 0.000000 0.000000 1.000000 

0.998429 0.043486 -0.035337 0.011482 
-0.050591 0.970711 -0.234863 0.002960 
0.024089 0.236281 0.971386 -0.000001 
0.000000 0.000000 0.000000 1.000000 

0.998384 0.043273 -0.036842 0.011482 
-0.050707 0.971007 -0.233613 0.002960 
0.025665 0.235103 0.971631 -0.000001 
0.000000 0.000000 0.000000 1.000000</float_array>
        <technique_common>
          <accessor count="37" source="#_cf9968e392c246c489d0fb5c56c8f1e9_Take_x0020_001_3-output-array" stride="16">
            <param name="TRANSFORM" type="float4x4" />
          </accessor>
        </technique_common>
      </source>
      <source id="_cf9968e392c246c489d0fb5c56c8f1e9_Take_x0020_001_3-interpolation">
        <Name_array id="_cf9968e392c246c489d0fb5c56c8f1e9_Take_x0020_001_3-interpolation-array" count="37">LINEAR LINEAR LINEAR LINEAR LINEAR LINEAR LINEAR LINEAR LINEAR LINEAR LINEAR LINEAR LINEAR LINEAR LINEAR LINEAR LINEAR LINEAR LINEAR LINEAR LINEAR LINEAR LINEAR LINEAR LINEAR LINEAR LINEAR LINEAR LINEAR LINEAR LINEAR LINEAR LINEAR LINEAR LINEAR LINEAR LINEAR </Name_array>
        <technique_common>
          <accessor count="37" source="#_cf9968e392c246c489d0fb5c56c8f1e9_Take_x0020_001_3-interpolation-array">
            <param name="INTERPOLATION" type="name" />
          </accessor>
        </technique_common>
      </source>
      <sampler id="_cf9968e392c246c489d0fb5c56c8f1e9_Take_x0020_001_3-sampler">
        <input semantic="INPUT" source="#_cf9968e392c246c489d0fb5c56c8f1e9_Take_x0020_001_3-input" />
        <input semantic="OUTPUT" source="#_cf9968e392c246c489d0fb5c56c8f1e9_Take_x0020_001_3-output" />
        <input semantic="INTERPOLATION" source="#_cf9968e392c246c489d0fb5c56c8f1e9_Take_x0020_001_3-interpolation" />
      </sampler>
      <channel source="#_cf9968e392c246c489d0fb5c56c8f1e9_Take_x0020_001_3-sampler" target="_-61032/matrix" />
    </animation>
    <animation id="_cf9968e392c246c489d0fb5c56c8f1e9_Take_x0020_001_4">
      <source id="_cf9968e392c246c489d0fb5c56c8f1e9_Take_x0020_001_4-input">
        <float_array id="_cf9968e392c246c489d0fb5c56c8f1e9_Take_x0020_001_4-input-array" count="37">0.000000 0.041600 0.083300 0.125000 0.166600 0.208300 0.250000 0.291600 0.333300 0.375000 0.416600 0.458300 0.500000 0.541600 0.583300 0.625000 0.666600 0.708300 0.750000 0.791600 0.833300 0.875000 0.916600 0.958300 1.000000 1.041600 1.083300 1.125000 1.166600 1.208300 1.250000 1.291600 1.333300 1.375000 1.416600 1.458300 1.500000</float_array>
        <technique_common>
          <accessor count="37" source="#_cf9968e392c246c489d0fb5c56c8f1e9_Take_x0020_001_4-input-array">
            <param name="TIME" type="float" />
          </accessor>
        </technique_common>
      </source>
      <source id="_cf9968e392c246c489d0fb5c56c8f1e9_Take_x0020_001_4-output">
        <float_array id="_cf9968e392c246c489d0fb5c56c8f1e9_Take_x0020_001_4-output-array" count="592">

-0.883548 0.467512 -0.027846 -0.010446 
0.467315 0.883986 0.013609 0.001907 
0.030978 -0.000988 -0.999520 0.023928 
0.000000 0.000000 0.000000 1.000000 

-0.891610 0.452737 -0.007830 -0.010178 
0.451757 0.890589 0.052607 0.001564 
0.030790 0.043368 -0.998585 0.024068 
0.000000 0.000000 0.000000 1.000000 

-0.897896 0.440120 0.008747 -0.009920 
0.439108 0.894074 0.088410 0.001110 
0.031091 0.083224 -0.996046 0.024201 
0.000000 0.000000 0.000000 1.000000 

-0.899190 0.437420 0.010987 -0.009686 
0.435998 0.893583 0.106845 0.000559 
0.036919 0.100864 -0.994215 0.024314 
0.000000 0.000000 0.000000 1.000000 

-0.906706 0.421686 0.008063 -0.009490 
0.419561 0.899855 0.119284 -0.000052 
0.043045 0.111538 -0.992828 0.024398 
0.000000 0.000000 0.000000 1.000000 

-0.925612 0.378396 0.007609 -0.009343 
0.375870 0.916709 0.135526 -0.000703 
0.044307 0.128304 -0.990744 0.024444 
0.000000 0.000000 0.000000 1.000000 

-0.948735 0.315991 0.007113 -0.009257 
0.313324 0.937291 0.152691 -0.001363 
0.041582 0.147092 -0.988248 0.024449 
0.000000 0.000000 0.000000 1.000000 

-0.971501 0.236949 0.006363 -0.009247 
0.234492 0.956816 0.171804 -0.002003 
0.034621 0.168400 -0.985110 0.024409 
0.000000 0.000000 0.000000 1.000000 

-0.989629 0.143556 0.004997 -0.009326 
0.141789 0.970691 0.194050 -0.002725 
0.023007 0.192746 -0.980979 0.024308 
0.000000 0.000000 0.000000 1.000000 

-0.999046 0.043582 0.002873 -0.009500 
0.043144 0.974479 0.220295 -0.003613 
0.006802 0.220209 -0.975429 0.024107 
0.000000 0.000000 0.000000 1.000000 

-0.999346 -0.036173 0.000006 -0.009745 
-0.035057 0.968558 0.246306 -0.004591 
-0.008915 0.246145 -0.969192 0.023811 
0.000000 0.000000 0.000000 1.000000 

-0.995941 -0.089924 -0.003799 -0.010041 
-0.087617 0.959013 0.269477 -0.005600 
-0.020590 0.268716 -0.962999 0.023449 
0.000000 0.000000 0.000000 1.000000 

-0.990824 -0.134840 -0.009240 -0.010367 
-0.131716 0.948018 0.289678 -0.006575 
-0.030300 0.288237 -0.957080 0.023051 
0.000000 0.000000 0.000000 1.000000 

-0.984503 -0.174642 -0.015933 -0.010704 
-0.171144 0.937002 0.304529 -0.007452 
-0.038254 0.302536 -0.952370 0.022649 
0.000000 0.000000 0.000000 1.000000 

-0.976699 -0.213321 -0.023535 -0.011031 
-0.209910 0.926682 0.311767 -0.008173 
-0.044697 0.309442 -0.949867 0.022270 
0.000000 0.000000 0.000000 1.000000 

-0.966553 -0.254519 -0.031552 -0.011329 
-0.251607 0.917195 0.308945 -0.008672 
-0.049694 0.306551 -0.950556 0.021947 
0.000000 0.000000 0.000000 1.000000 

-0.954323 -0.296134 -0.039650 -0.011612 
-0.294208 0.908302 0.297371 -0.008891 
-0.052048 0.295453 -0.953939 0.021716 
0.000000 0.000000 0.000000 1.000000 

-0.942011 -0.332208 -0.047459 -0.011905 
-0.331785 0.900781 0.280201 -0.008842 
-0.050335 0.279699 -0.958767 0.021582 
0.000000 0.000000 0.000000 1.000000 

-0.931317 -0.360137 -0.054323 -0.012199 
-0.361516 0.895975 0.257944 -0.008568 
-0.044222 0.259866 -0.964632 0.021527 
0.000000 0.000000 0.000000 1.000000 

-0.924088 -0.377462 -0.059873 -0.012485 
-0.380695 0.895329 0.231209 -0.008114 
-0.033667 0.236451 -0.971060 0.021535 
0.000000 0.000000 0.000000 1.000000 

-0.922020 -0.381799 -0.064101 -0.012754 
-0.386684 0.900168 0.200431 -0.007521 
-0.018822 0.209588 -0.977609 0.021588 
0.000000 0.000000 0.000000 1.000000 

-0.928992 -0.364082 -0.066476 -0.012999 
-0.370101 0.913924 0.166639 -0.006835 
0.000083 0.179409 -0.983775 0.021669 
0.000000 0.000000 0.000000 1.000000 

-0.946553 -0.315640 -0.066403 -0.013194 
-0.321906 0.937421 0.132735 -0.006121 
0.020351 0.147016 -0.988925 0.021765 
0.000000 0.000000 0.000000 1.000000 

-0.970352 -0.233115 -0.063824 -0.013308 
-0.238696 0.965764 0.101611 -0.005412 
0.037952 0.113833 -0.992774 0.021883 
0.000000 0.000000 0.000000 1.000000 

-0.990187 -0.125758 -0.060952 -0.013323 
-0.130132 0.988726 0.074070 -0.004715 
0.050950 0.081275 -0.995389 0.022034 
0.000000 0.000000 0.000000 1.000000 

-0.998077 -0.011067 -0.060988 -0.013234 
-0.014001 0.998755 0.047890 -0.003950 
0.060382 0.048652 -0.996989 0.022236 
0.000000 0.000000 0.000000 1.000000 

-0.992592 0.102681 -0.064947 -0.013059 
0.101492 0.994607 0.021369 -0.003056 
0.066791 0.014619 -0.997660 0.022476 
0.000000 0.000000 0.000000 1.000000 

-0.973635 0.216479 -0.071909 -0.012816 
0.217432 0.976059 -0.005613 -0.002086 
0.068973 -0.021100 -0.997396 0.022728 
0.000000 0.000000 0.000000 1.000000 

-0.941870 0.326526 -0.079126 -0.012523 
0.329696 0.943590 -0.030634 -0.001092 
0.064660 -0.054941 -0.996394 0.022963 
0.000000 0.000000 0.000000 1.000000 

-0.904286 0.418576 -0.084033 -0.012199 
0.423464 0.904424 -0.051912 -0.000127 
0.054272 -0.082528 -0.995110 0.023162 
0.000000 0.000000 0.000000 1.000000 

-0.874041 0.478517 -0.084106 -0.011865 
0.484102 0.872425 -0.067235 0.000743 
0.041203 -0.099482 -0.994186 0.023322 
0.000000 0.000000 0.000000 1.000000 

-0.858107 0.507331 -0.079167 -0.011544 
0.512589 0.855422 -0.074205 0.001449 
0.030075 -0.104256 -0.994096 0.023450 
0.000000 0.000000 0.000000 1.000000 

-0.855426 0.513186 -0.069899 -0.011258 
0.517398 0.852822 -0.070674 0.001928 
0.023343 -0.096622 -0.995047 0.023556 
0.000000 0.000000 0.000000 1.000000 

-0.862678 0.502442 -0.057783 -0.011016 
0.505248 0.861278 -0.054074 0.002139 
0.022598 -0.075843 -0.996864 0.023652 
0.000000 0.000000 0.000000 1.000000 

-0.874933 0.482158 -0.044896 -0.010752 
0.483453 0.875038 -0.024116 0.002127 
0.027658 -0.042805 -0.998701 0.023774 
0.000000 0.000000 0.000000 1.000000 

-0.877356 0.478077 -0.041091 -0.010683 
0.479047 0.877610 -0.017763 0.002109 
0.027570 -0.035269 -0.998997 0.023807 
0.000000 0.000000 0.000000 1.000000 

-0.876409 0.479793 -0.041305 -0.010714 
0.480832 0.876584 -0.020012 0.002116 
0.026606 -0.037400 -0.998946 0.023792 
0.000000 0.000000 0.000000 1.000000</float_array>
        <technique_common>
          <accessor count="37" source="#_cf9968e392c246c489d0fb5c56c8f1e9_Take_x0020_001_4-output-array" stride="16">
            <param name="TRANSFORM" type="float4x4" />
          </accessor>
        </technique_common>
      </source>
      <source id="_cf9968e392c246c489d0fb5c56c8f1e9_Take_x0020_001_4-interpolation">
        <Name_array id="_cf9968e392c246c489d0fb5c56c8f1e9_Take_x0020_001_4-interpolation-array" count="37">LINEAR LINEAR LINEAR LINEAR LINEAR LINEAR LINEAR LINEAR LINEAR LINEAR LINEAR LINEAR LINEAR LINEAR LINEAR LINEAR LINEAR LINEAR LINEAR LINEAR LINEAR LINEAR LINEAR LINEAR LINEAR LINEAR LINEAR LINEAR LINEAR LINEAR LINEAR LINEAR LINEAR LINEAR LINEAR LINEAR LINEAR </Name_array>
        <technique_common>
          <accessor count="37" source="#_cf9968e392c246c489d0fb5c56c8f1e9_Take_x0020_001_4-interpolation-array">
            <param name="INTERPOLATION" type="name" />
          </accessor>
        </technique_common>
      </source>
      <sampler id="_cf9968e392c246c489d0fb5c56c8f1e9_Take_x0020_001_4-sampler">
        <input semantic="INPUT" source="#_cf9968e392c246c489d0fb5c56c8f1e9_Take_x0020_001_4-input" />
        <input semantic="OUTPUT" source="#_cf9968e392c246c489d0fb5c56c8f1e9_Take_x0020_001_4-output" />
        <input semantic="INTERPOLATION" source="#_cf9968e392c246c489d0fb5c56c8f1e9_Take_x0020_001_4-interpolation" />
      </sampler>
      <channel source="#_cf9968e392c246c489d0fb5c56c8f1e9_Take_x0020_001_4-sampler" target="_-61038/matrix" />
    </animation>
    <animation id="_cf9968e392c246c489d0fb5c56c8f1e9_Take_x0020_001_5">
      <source id="_cf9968e392c246c489d0fb5c56c8f1e9_Take_x0020_001_5-input">
        <float_array id="_cf9968e392c246c489d0fb5c56c8f1e9_Take_x0020_001_5-input-array" count="37">0.000000 0.041600 0.083300 0.125000 0.166600 0.208300 0.250000 0.291600 0.333300 0.375000 0.416600 0.458300 0.500000 0.541600 0.583300 0.625000 0.666600 0.708300 0.750000 0.791600 0.833300 0.875000 0.916600 0.958300 1.000000 1.041600 1.083300 1.125000 1.166600 1.208300 1.250000 1.291600 1.333300 1.375000 1.416600 1.458300 1.500000</float_array>
        <technique_common>
          <accessor count="37" source="#_cf9968e392c246c489d0fb5c56c8f1e9_Take_x0020_001_5-input-array">
            <param name="TIME" type="float" />
          </accessor>
        </technique_common>
      </source>
      <source id="_cf9968e392c246c489d0fb5c56c8f1e9_Take_x0020_001_5-output">
        <float_array id="_cf9968e392c246c489d0fb5c56c8f1e9_Take_x0020_001_5-output-array" count="592">

0.960103 0.279648 0.000000 0.116997 
-0.279648 0.960102 0.000000 0.000000 
0.000000 0.000000 1.000000 0.000000 
0.000000 0.000000 0.000000 1.000000 

0.961337 0.275374 0.000000 0.116997 
-0.275374 0.961337 0.000000 0.000000 
0.000000 0.000000 1.000000 0.000000 
0.000000 0.000000 0.000000 1.000000 

0.949945 0.312416 0.000000 0.116997 
-0.312416 0.949945 0.000000 0.000000 
0.000000 0.000000 1.000000 0.000000 
0.000000 0.000000 0.000000 1.000000 

0.908195 0.418547 0.000000 0.116997 
-0.418547 0.908195 0.000000 0.000000 
0.000000 0.000000 1.000000 0.000000 
0.000000 0.000000 0.000000 1.000000 

0.880158 0.474681 0.000000 0.116997 
-0.474681 0.880158 0.000000 0.000000 
0.000000 0.000000 1.000000 0.000000 
0.000000 0.000000 0.000000 1.000000 

0.872667 0.488316 0.000000 0.116997 
-0.488316 0.872667 0.000000 0.000000 
0.000000 0.000000 1.000000 0.000000 
0.000000 0.000000 0.000000 1.000000 

0.883493 0.468445 0.000000 0.116997 
-0.468445 0.883493 0.000000 0.000000 
0.000000 0.000000 1.000000 0.000000 
0.000000 0.000000 0.000000 1.000000 

0.906280 0.422677 0.000000 0.116997 
-0.422677 0.906280 0.000000 0.000000 
0.000000 0.000000 1.000000 0.000000 
0.000000 0.000000 0.000000 1.000000 

0.936804 0.349855 0.000000 0.116997 
-0.349855 0.936804 0.000000 0.000000 
0.000000 0.000000 1.000000 0.000000 
0.000000 0.000000 0.000000 1.000000 

0.969943 0.243332 0.000000 0.116997 
-0.243332 0.969943 0.000000 0.000000 
0.000000 0.000000 1.000000 0.000000 
0.000000 0.000000 0.000000 1.000000 

0.980212 0.197950 0.000000 0.116997 
-0.197950 0.980212 0.000000 0.000000 
0.000000 0.000000 1.000000 0.000000 
0.000000 0.000000 0.000000 1.000000 

0.981118 0.193409 0.000000 0.116997 
-0.193409 0.981118 0.000000 0.000000 
0.000000 0.000000 1.000000 0.000000 
0.000000 0.000000 0.000000 1.000000 

0.979958 0.199205 0.000000 0.116997 
-0.199205 0.979958 0.000000 0.000000 
0.000000 0.000000 1.000000 0.000000 
0.000000 0.000000 0.000000 1.000000 

0.980197 0.198027 0.000000 0.116997 
-0.198027 0.980197 0.000000 0.000000 
0.000000 0.000000 1.000000 0.000000 
0.000000 0.000000 0.000000 1.000000 

0.980696 0.195536 0.000000 0.116997 
-0.195536 0.980696 0.000000 0.000000 
0.000000 0.000000 1.000000 0.000000 
0.000000 0.000000 0.000000 1.000000 

0.980743 0.195304 0.000000 0.116997 
-0.195304 0.980743 0.000000 0.000000 
0.000000 0.000000 1.000000 0.000000 
0.000000 0.000000 0.000000 1.000000 

0.979616 0.200878 0.000000 0.116997 
-0.200878 0.979616 0.000000 0.000000 
0.000000 0.000000 1.000000 0.000000 
0.000000 0.000000 0.000000 1.000000 

0.974459 0.224568 0.000000 0.116997 
-0.224568 0.974458 0.000000 0.000000 
0.000000 0.000000 1.000000 0.000000 
0.000000 0.000000 0.000000 1.000000 

0.963532 0.267594 0.000000 0.116997 
-0.267594 0.963532 0.000000 0.000000 
0.000000 0.000000 1.000000 0.000000 
0.000000 0.000000 0.000000 1.000000 

0.948499 0.316781 0.000000 0.116997 
